70265 0.608 0.809 0.183 1.702 0.702 -999 -999 -999 -0.742 1.418 -0.619 -999 -0.45 -999 -999 -999 -999 -999 49.072 49.072 72.659 66.969 44.904 -999 -999 -999 54.855 40.424 23.138 -999 24.521 -999 -999 -999 -999 -999
70409 -999 -1.577 -999 -999 -0.999 0.148 -1.102 -999 -999 0.441 -999 -999 -999 -999 -0.996 -999 -0.472 -999 -999 68.09 -999 -999 65.818 70.743 66.329 -999 -999 66.833 -999 -999 -999 -999 37.269 -999 44.14 -999
70511 0.926 -0.263 0.036 -999 -999 -999 0.482 -999 0.601 0.893 -999 -999 -999 -999 -999 -999 -0.707 -999 47.555 47.555 70.237 -999 -999 -999 41.355 -999 48.637 48.403 -999 -999 -999 -999 -999 -999 20.614 -999
70678 1.413 1.724 -1.128 1.927 -999 -999 0.254 -999 0.89 -0.049 -999 -999 -999 -999 -999 -999 -999 -999 27.793 27.793 60.625 57.14 -999 -999 22.183 -999 38.014 31.298 -999 -999 -999 -999 -999 -999 -999 -999
70953 -999 -1.346 -999 -999 -999 -999 -999 -999 -999 -0.796 -999 -999 -999 -999 -999 -999 -0.704 -1.299 -999 68.379 -999 -999 -999 -999 -999 -999 -999 67.054 -999 -999 -999 -999 -999 -999 45.261 45.843
71227 -999 -0.267 -999 -999 0.202 -999 0.555 0.156 -999 0.222 -999 -999 -999 -999 -999 -999 0.076 -999 -999 73.895 -999 -999 77.541 -999 72.554 77.71 -999 79.028 -999 -999 -999 -999 -999 -999 49.464 -999
71425 0.806 -0.634 -999 -999 -0.045 -999 -999 -999 -0.411 -999 -999 -999 -999 -999 0.035 -999 -999 -999 64.845 64.845 -999 -999 66.878 -999 -999 -999 61.386 -999 -999 -999 -999 -999 39.671 -999 -999 -999
71576 -0.487 0.104 -999 -999 0.814 0.065 0.405 -999 -1.658 1.371 -999 -999 -999 -999 0.776 -999 1.805 1.606 50.198 50.198 -999 -999 48.695 54.043 55.093 -999 52.115 45.932 -999 -999 -999 -999 24.566 -999 19.785 31.161
71990 0.467 -0.38 -999 -999 0.212 -999 -0.107 -999 -0.749 0.313 -999 -999 1.099 0.326 0.286 -999 0.424 -1.657 62.684 62.684 -999 -999 61.31 -999 63.935 -999 62.3 58.378 -999 -999 26.385 39.005 38.6 -999 33.578 42.974
72064 -0.702 0.367 -999 -999 -999 -999 -999 -999 -1.139 -999 -999 -999 0.136 -999 1.83 0.335 1.003 -999 60.376 60.376 -999 -999 -999 -999 -999 -999 58.938 -999 -999 -999 42.949 -999 39.126 41.248 42.579 -999
72115 -1.427 -1.755 0.084 -1.191 -999 -999 -999 -999 0.733 0.801 -999 -999 -999 -999 -999 -999 -999 -999 34.954 34.954 58.655 60.801 -999 -999 -999 -999 40.222 43.089 -999 -999 -999 -999 -999 -999 -999 -999
72524 -0.439 0.32 1.19 0.182 -999 -999 -0.213 1.346 1.017 -1.135 -999 -999 -999 -999 -999 -999 -999 -999 33.675 33.675 59.148 53.549 -999 -999 36.185 26.656 34.513 40.142 -999 -999 -999 -999 -999 -999 -999 -999
74285 -1.56 -0.77 -1.66 0.266 -0.26 -999 -999 -999 -999 -0.797 -999 -999 -999 -999 -999 -999 -999 -999 25.631 25.631 57.832 49.033 30.635 -999 -999 -999 -999 31.713 -999 -999 -999 -999 -999 -999 -999 -999
76069 0.464 1.287 0.277 0.516 -999 -999 -999 -999 -999 0.915 -999 -999 -999 -999 -999 -999 -999 -999 26.747 26.747 57.846 51.743 -999 -999 -999 -999 -999 33.991 -999 -999 -999 -999 -999 -999 -999 -999
77093 1.257 1.637 0.753 2.095 -999 -999 -999 -999 0.341 -1.037 -0.183 1.746 1.772 1.141 -0.796 -0.329 -0.357 0.5 48.186 48.186 76.264 78.854 -999 -999 -999 -999 48.518 55.224 29.634 22.921 23.603 30.267 26.916 21.46 23.105 18.855
78052 -0.904 -2.098 -999 -999 -0.329 -0.155 -0.746 -999 0.482 0.59 -1.096 -999 -999 -999 -999 -999 -0.756 -999 51.822 51.822 -999 -999 46.764 55.955 58.071 -999 48.473 53.529 32.493 -999 -999 -999 -999 -999 25.883 -999
78333 -0.407 0.601 -999 -999 -1.057 -999 -999 -999 2.72 -1.271 -999 -999 0.908 -999 -0.902 -999 -999 -999 68.765 68.765 -999 -999 66.167 -999 -999 -999 73.776 71.449 -999 -999 45.99 -999 49.422 -999 -999 -999
78991 2.059 1.313 -999 -999 0.511 -999 -999 -999 1.59 -999 2.77 1.927 2.208 1.883 -999 -999 -999 -999 54.707 54.707 -999 -999 53.082 -999 -999 -999 60.47 -999 20.817 35.828 32.69 33.798 -999 -999 -999 -999
79772 -1.673 -1.756 -999 -999 -999 -999 -999 -999 -999 -0.867 -1.28 -999 -0.995 -0.075 0.612 -999 -0.661 -999 70.045 70.045 -999 -999 -999 -999 -999 -999 -999 66.388 43.296 -999 49.793 48.179 44.827 -999 50.317 -999
79894 -0.834 -999 -999 -999 -1.357 -999 -0.242 -999 -1.135 -999 0.79 -999 -1.002 -999 -999 -999 -999 -999 76.063 -999 -999 -999 78.73 -999 74.62 -999 75.756 -999 55.655 -999 56.201 -999 -999 -999 -999 -999
