70008 -0.449 0.217 0.571 1.944 1.965 -999 0.803 1.661 -0.162 0.081 -999 -999 -999 -999 -999 -999 -999 -999 31.714 31.714 60.553 56.227 27.306 -999 35.071 36.055 32.1 31.811 -999 -999 -999 -999 -999 -999 -999 -999
70154 -0.329 -0.645 -0.498 -0.069 -0.03 0.409 -999 -999 -0.705 0.575 -999 -999 -0.392 -999 -999 -999 -999 -999 38.38 38.38 67.483 64.247 33.169 44.022 -999 -999 25.148 43.811 -999 -999 16.703 -999 -999 -999 -999 -999
70399 1.726 0.768 -999 0.97 -999 -999 -999 -999 0.758 0.178 -999 -999 0.713 -999 0.659 -999 -999 -999 43.143 43.143 -999 67.713 -999 -999 -999 -999 36.485 33.98 -999 -999 19.659 -999 16.148 -999 -999 -999
70552 -0.089 -0.128 -999 1.433 -999 -999 -999 -999 1.609 -0.27 -999 -999 -999 -999 1.014 0.708 0.954 -0.993 54.182 54.182 -999 73.5 -999 -999 -999 -999 47.853 52.96 -999 -999 -999 -999 27.336 26.155 30.285 28.681
70556 0.169 0.591 -999 -999 -0.246 -999 -0.27 -999 0.433 0.782 0.764 -999 -999 -999 0.169 -0.04 -999 -999 62.657 62.657 -999 -999 60.263 -999 68.768 -999 60.733 59.376 43.905 -999 -999 -999 37.501 39.453 -999 -999
70872 -2.714 -1.318 -999 -999 -999 -999 -1.257 -999 0.98 -0.776 -0.075 -999 -0.181 -999 -0.974 -999 -2.498 -999 54.404 54.404 -999 -999 -999 -999 52.001 -999 47.085 47.404 30.183 -999 25.537 -999 24.928 -999 27.98 -999
71209 -0.064 -999 -999 -999 -0.001 -999 -999 -999 0.055 -999 -999 -999 -999 -999 -999 -999 -999 -999 72.819 -999 -999 -999 74.279 -999 -999 -999 65.667 -999 -999 -999 -999 -999 -999 -999 -999 -999
71754 -1.233 -0.677 -999 -999 -2.081 -0.303 -1.599 -999 1.353 0.19 1.091 -999 0.523 -0.151 -2.1 -1.198 -1.287 -1.766 64.587 64.587 -999 -999 56.997 59.956 58.829 -999 65.822 62.945 48.032 -999 44.659 32.465 32.993 44.386 38.265 36.829
71894 0.501 0.322 0.256 1.001 1.8 -999 2.424 2.236 -999 -999 -999 -999 -999 -999 -999 -999 -999 -999 23.967 23.967 50.292 48.877 27.102 -999 26.712 25.405 -999 -999 -999 -999 -999 -999 -999 -999 -999 -999
72297 0.126 0.173 -0.499 1.079 -0.305 0.674 -999 -999 1.427 -0.051 -999 -999 -999 -999 -999 -999 -999 -999 32.432 32.432 53.32 48.006 29.525 27.55 -999 -999 28.203 34.212 -999 -999 -999 -999 -999 -999 -999 -999
72455 0.285 0.292 -0.957 -0.337 -0.716 -999 -999 -999 -999 0.021 -999 -999 -999 -999 -999 -999 -999 -999 33.878 33.878 61.407 57.344 24.645 -999 -999 -999 -999 30.215 -999 -999 -999 -999 -999 -999 -999 -999
73117 -0.003 0.531 -999 -999 -999 -999 1.096 0.704 1.431 -999 -999 -999 0.518 -999 -999 -999 -0.131 -999 60.977 60.977 -999 -999 -999 -999 58.865 66.753 60.063 -999 -999 -999 36.101 -999 -999 -999 30.77 -999
73421 1.582 -0.511 0.331 0.553 -999 -999 -0.061 -999 -0.78 1.114 -999 -999 -1.756 -999 0.963 -999 0.47 -999 43.747 43.747 71.516 71.546 -999 -999 48.479 -999 33.73 39.306 -999 -999 15.266 -999 17.98 -999 14.345 -999
73690 -0.716 -0.909 0.331 -999 -999 -999 -999 -999 -1.012 -0.006 -999 -999 -999 -999 0.733 -999 -999 -999 52.433 52.433 77.59 -999 -999 -999 -999 -999 52.016 49.932 -999 -999 -999 -999 32.643 -999 -999 -999
74105 2.028 -0.516 -999 -999 0.454 -999 0.89 0.367 0.114 -0.486 1.853 -999 0.48 -999 1.694 -0.354 1.652 -999 58.749 58.749 -999 -999 61.746 -999 53.122 62.54 48.769 50.816 41.829 -999 34.99 -999 30.33 24.438 38.564 -999
74313 -1.209 -0.26 -999 -999 -999 -999 -999 -999 -0.278 -999 -999 -999 1.148 -1.048 -999 -999 -999 -999 77.945 77.945 -999 -999 -999 -999 -999 -999 76.419 -999 -999 -999 60.79 61.32 -999 -999 -999 -999
74963 -0.122 -0.564 -1.598 -1.676 -999 -999 -1.851 -999 -0.354 -0.874 -999 -999 -999 -999 -999 -999 -999 -999 46.063 46.063 71.028 69.71 -999 -999 43.664 -999 40.883 43.869 -999 -999 -999 -999 -999 -999 -999 -999
75156 0.351 0.726 -999 -999 -999 -999 -999 -999 -1.168 -0.063 -999 -999 -999 -999 -999 -999 -999 -999 58.99 58.99 -999 -999 -999 -999 -999 -999 61.234 52.378 -999 -999 -999 -999 -999 -999 -999 -999
75640 0.5 -0.329 -999 -999 -999 -999 -0.329 -999 -999 -0.701 1.919 -999 0.827 -999 -999 -999 -999 -999 74.443 74.443 -999 -999 -999 -999 65.248 -999 -999 66.262 33.298 -999 50.258 -999 -999 -999 -999 -999
75860 -1.028 -1.589 -1.257 -999 -1.146 -999 -999 -999 0.325 0.358 -999 -999 -999 -999 -999 -999 -999 -999 41.325 41.325 82.032 -999 43.627 -999 -999 -999 35.173 38.469 -999 -999 -999 -999 -999 -999 -999 -999
75887 0.021 -999 -999 -999 0.498 -999 -0.496 -999 0.086 -999 -0.042 -999 -999 -999 -999 -999 -999 -999 63.694 -999 -999 -999 61.006 -999 60.237 -999 59.404 -999 43.23 -999 -999 -999 -999 -999 -999 -999
75924 -1.062 -0.824 -0.66 -999 -999 -999 -999 -999 -1.396 1.889 -999 -999 -1.102 -999 0.233 1.243 -0.456 -999 50.863 50.863 77.818 -999 -999 -999 -999 -999 48.774 44.96 -999 -999 17.437 -999 32.625 30.912 25.66 -999
75951 0.147 -1.094 -999 -999 -999 -999 0.2 -999 0.053 1.097 -999 -999 -999 -999 0.259 -999 -999 -999 63.893 63.893 -999 -999 -999 -999 65.441 -999 59.06 60.386 -999 -999 -999 -999 38.757 -999 -999 -999
76230 0.882 0.646 -999 -999 0.978 -999 -1.369 -999 -0.577 0.304 0.856 -999 0.25 -999 -999 -999 -0.44 -999 61.669 61.669 -999 -999 58.889 -999 63.65 -999 64.187 61.645 40.657 -999 36.47 -999 -999 -999 44.276 -999
76945 -1.02 0.262 1.534 -0.909 -1.34 -999 -999 -999 0.894 -999 -0.429 -999 1.732 -999 -999 -999 -999 -999 54.136 54.136 74.881 73.288 47.341 -999 -999 -999 49.154 -999 37.046 -999 16.606 -999 -999 -999 -999 -999
77078 1.408 1.209 -999 -999 1.453 -999 0.824 -999 -0.491 1.15 -999 -999 -999 -999 2.063 -999 1.968 -0.235 69.388 69.388 -999 -999 70.44 -999 68.225 -999 64.895 64.17 -999 -999 -999 -999 34.097 -999 38.025 43.925
77756 0.338 0.862 0.81 0.396 -999 -999 -999 -999 0.978 0.676 -999 -999 -999 -999 0.568 -999 0.303 -999 42.477 42.477 64.225 63.768 -999 -999 -999 -999 48.119 38.494 -999 -999 -999 -999 22.81 -999 15.818 -999
77757 2.495 1.809 -0.787 1.881 2.348 -999 2.121 -999 0.447 -999 -999 -999 -999 -999 -999 -999 -999 -999 24.206 24.206 44.918 38.035 22.331 -999 19.359 -999 25.527 -999 -999 -999 -999 -999 -999 -999 -999 -999
77895 -0.157 -999 -999 -999 -999 -999 -999 -999 -999 -999 -999 -999 -999 -999 -999 -999 -999 -999 74.056 -999 -999 -999 -999 -999 -999 -999 -999 -999 -999 -999 -999 -999 -999 -999 -999 -999
78321 -0.597 0.111 -999 -999 -999 -999 -0.324 -999 0.841 0.23 -999 -999 -999 -999 -999 -999 -999 -999 41.913 41.913 -999 -999 -999 -999 40.279 -999 42.031 35.879 -999 -999 -999 -999 -999 -999 -999 -999
78402 -1.785 -0.546 -999 -999 -999 -999 -999 -999 -0.107 -999 -0.854 -1.686 -999 -999 0.769 0.346 0.527 -999 75.557 75.557 -999 -999 -999 -999 -999 -999 65.52 -999 57.255 52.148 -999 -999 54.764 53.591 31.262 -999
78562 0.609 1.085 0.082 1.523 0.773 -999 -999 -999 1.311 1.101 2.202 -999 -999 -999 -999 -999 -999 -999 36.229 36.229 61.175 61.094 34.992 -999 -999 -999 27.121 35.477 19.216 -999 -999 -999 -999 -999 -999 -999
79094 -0.268 0.773 -0.793 1.75 -999 -999 1.155 -999 -999 -999 -999 -999 -999 -999 -999 -999 -999 -999 18.484 18.484 49.725 47.358 -999 -999 21.897 -999 -999 -999 -999 -999 -999 -999 -999 -999 -999 -999
