70259 -999 0.196 -999 -999 2.025 -999 0.926 -999 -999 -1.483 -999 -999 -999 -999 0.266 -999 1.182 -999 -999 63.215 -999 -999 59.565 -999 69.668 -999 -999 64.352 -999 -999 -999 -999 44.813 -999 33.966 -999
70496 0.758 -0.176 -999 -999 -999 -999 -999 -999 0.74 1.689 0.406 -999 -999 -999 -999 -999 -999 -999 60.265 60.265 -999 -999 -999 -999 -999 -999 55.462 62.379 37.526 -999 -999 -999 -999 -999 -999 -999
70537 0.148 0.166 -999 -999 1.032 -1.365 -999 -999 -1.275 -999 -999 -999 -0.969 -999 -999 -999 -0.237 -999 64.315 64.315 -999 -999 65.737 58.972 -999 -999 59.536 -999 -999 -999 37.34 -999 -999 -999 46.131 -999
70583 1.8 0.803 -999 -0.016 -999 -999 0.147 0.603 1.898 -0.086 0.438 -999 2.041 0.115 -999 -999 -999 -999 42.311 42.311 -999 73.491 -999 -999 37.375 37.724 34.095 45.071 24.611 -999 24.969 14.767 -999 -999 -999 -999
70641 -999 1.508 -999 -999 -0.388 0.297 0.012 -0.397 -999 -999 -999 -999 -999 -999 -999 -999 -999 -999 -999 71.617 -999 -999 74.074 77.22 74.318 75.176 -999 -999 -999 -999 -999 -999 -999 -999 -999 -999
70691 -1.259 -999 -999 -999 -999 -999 -0.461 -999 -1.533 -999 -999 -999 -0.389 -0.849 -999 -999 -999 -999 73.487 -999 -999 -999 -999 -999 66.784 -999 64.334 -999 -999 -999 54.021 44.162 -999 -999 -999 -999
70950 -1.209 -0.105 0.258 0.344 -999 -999 -999 -999 -999 -0.899 -999 -999 -999 -999 -999 -999 -999 -999 27.882 27.882 52.724 47.493 -999 -999 -999 -999 -999 35.973 -999 -999 -999 -999 -999 -999 -999 -999
70980 -0.788 -0.173 -0.629 0.477 -0.056 -999 -0.079 -999 -999 -1.157 -999 -999 -999 -999 -999 -999 -999 -999 26.832 26.832 57.773 51.598 31.633 -999 30.035 -999 -999 37.694 -999 -999 -999 -999 -999 -999 -999 -999
71110 1.329 0.12 -999 -999 -999 -999 -999 -999 0.236 -999 -999 -999 -999 -999 -0.188 -999 -999 -999 73.933 73.933 -999 -999 -999 -999 -999 -999 68.352 -999 -999 -999 -999 -999 45.144 -999 -999 -999
71115 -0.032 -0.877 -0.531 0.265 -999 -999 -1.991 -999 0.344 0.52 -999 -999 -999 -999 -999 -999 -999 -999 28.696 28.696 54.203 56.92 -999 -999 21.063 -999 34.915 33.904 -999 -999 -999 -999 -999 -999 -999 -999
71242 -0.647 0.001 -999 -1.021 -999 -999 -0.954 -999 -1.063 1.236 -999 -999 -999 -999 -999 -999 -999 -999 36.978 36.978 -999 61.046 -999 -999 42.466 -999 31.329 34.499 -999 -999 -999 -999 -999 -999 -999 -999
71272 -0.312 -1.29 -999 -999 -999 -999 0.273 -999 -999 -999 -0.343 -1.295 -0.478 -2.23 -999 -999 -999 -999 71.341 71.341 -999 -999 -999 -999 65.969 -999 -999 -999 42.528 42.741 40.474 51.276 -999 -999 -999 -999
71346 0.362 -999 -999 -999 -999 -999 -999 -999 -0.878 -999 -999 -999 -0.994 0.576 -999 -999 -999 -999 74.201 -999 -999 -999 -999 -999 -999 -999 75.508 -999 -999 -999 54.42 45.772 -999 -999 -999 -999
71543 -0.168 -1.655 0.607 -0.374 -999 -999 -0.862 -0.113 0.265 -999 -999 -999 -999 -999 -999 -999 -999 -999 26.062 26.062 53.867 51.047 -999 -999 31.861 27.607 21.532 -999 -999 -999 -999 -999 -999 -999 -999 -999
71626 -999 1.229 -999 -999 1.439 -999 2.748 -999 -999 -0.157 -999 -999 -999 -999 -999 -999 1.414 -999 -999 58.603 -999 -999 67.811 -999 59.637 -999 -999 61.272 -999 -999 -999 -999 -999 -999 36.177 -999
71669 -0.514 -0.35 -999 -999 -0.077 -0.867 1.382 -999 -0.832 0.315 -0.204 -999 -999 -999 -999 -999 -1.128 -999 51.349 51.349 -999 -999 57.068 53.794 48.57 -999 51.685 54.356 21.743 -999 -999 -999 -999 -999 17.604 -999
71680 -0.763 0.901 -999 -0.079 -0.498 -999 -1.125 -999 0.471 -0.144 -0.488 -999 -999 -999 -0.597 -999 -999 -999 58.726 58.726 -999 79.049 60.567 -999 56.874 -999 59.557 61.686 31.303 -999 -999 -999 32.151 -999 -999 -999
71684 -0.156 -0.638 -1.885 -0.313 -0.527 -999 -999 -999 0.313 -0.951 1.46 -999 1.672 -999 0.223 -999 -999 -999 45.057 45.057 77.151 77.528 48.379 -999 -999 -999 49.261 45.518 23.647 -999 15.784 -999 24.429 -999 -999 -999
71715 1.751 0.621 0.788 1.602 -999 -999 -999 -999 0.393 -999 -999 -999 -999 -999 -999 -999 -999 -999 41.315 41.315 64.192 61.322 -999 -999 -999 -999 39.053 -999 -999 -999 -999 -999 -999 -999 -999 -999
71966 -0.7 0.625 -1.565 1.338 1.29 -999 1.476 -999 -999 0.173 -0.723 -999 -1.174 -999 -999 -999 -999 -999 37.269 37.269 75.656 73.213 32.479 -999 31.133 -999 -999 36.362 20.103 -999 17.287 -999 -999 -999 -999 -999
71988 2.058 1.957 0.913 2.55 1.994 0.548 -999 -999 1.024 -999 -999 -999 -999 -999 -999 -999 -999 -999 19.633 19.633 53.491 48.522 26.557 14.96 -999 -999 20.431 -999 -999 -999 -999 -999 -999 -999 -999 -999
72006 1.502 0.988 0.985 1.633 -999 -999 -999 -999 0.444 -0.419 1.314 -999 -999 -999 -999 -999 -999 -999 43.599 43.599 68.827 65.97 -999 -999 -999 -999 42.091 51.095 20.33 -999 -999 -999 -999 -999 -999 -999
72068 -0.233 0.694 -1.327 -0.367 -0.295 -999 -999 -999 0.309 -0.374 -999 -999 -999 -999 -999 -999 -999 -999 28.985 28.985 66.943 65.099 32.709 -999 -999 -999 23.846 36.465 -999 -999 -999 -999 -999 -999 -999 -999
72134 -0.348 -0.38 -1.492 0.302 -999 -999 -999 -999 -999 -999 -999 -999 -999 -999 -999 -999 -999 -999 19.032 19.032 45.288 41.535 -999 -999 -999 -999 -999 -999 -999 -999 -999 -999 -999 -999 -999 -999
72256 -1.21 -0.058 -999 -999 -0.338 -0.658 -0.624 -0.834 2.094 2.696 -999 -999 0.53 -999 1.273 0.876 0.316 0.158 45.406 45.406 -999 -999 39.552 48.065 49.251 43.26 46.51 46.706 -999 -999 23.2 -999 20.559 25.981 16.427 19.858
72283 2.041 0.799 -999 1.747 -999 -999 -999 -999 0.492 -0.376 -999 -999 -999 -999 -999 -999 -999 -999 41.717 41.717 -999 66.34 -999 -999 -999 -999 33.299 38.576 -999 -999 -999 -999 -999 -999 -999 -999
72285 -0.355 0.403 -999 -999 -999 -999 -0.265 -999 -0.45 1.157 -0.847 1.59 -999 -999 0.237 -999 -999 -999 46.81 46.81 -999 -999 -999 -999 44.845 -999 43.888 48.565 20.999 22.169 -999 -999 19.918 -999 -999 -999
72433 0.584 0.574 0.289 0.44 -999 -999 -999 -999 0.967 0.809 -0.122 -999 -999 -999 1 1.07 -0.151 -999 54.259 54.259 77.838 69.814 -999 -999 -999 -999 48.954 44.478 26.982 -999 -999 -999 33.041 28.844 14.373 -999
72442 -0.969 -1.027 -999 -999 -999 -999 -0.113 -999 0.351 -0.424 -0.176 0.446 -999 -999 -1.037 -999 -1.888 -0.738 46.232 46.232 -999 -999 -999 -999 44.391 -999 42.474 49.534 15.026 24.852 -999 -999 22.886 -999 24.923 20.686
72718 0.679 1.487 -999 -999 -999 -999 -999 -999 -0.073 -999 0.641 -999 1.112 -0.439 0.283 -999 0.236 -999 73.783 73.783 -999 -999 -999 -999 -999 -999 68.977 -999 40.797 -999 47.349 35.755 44.789 -999 49.603 -999
72948 -0.902 -1.237 -0.293 0.392 -0.921 -0.866 -999 -999 -999 -0.684 -999 -999 -999 -999 -999 -999 -999 -999 24.925 24.925 64.392 56.477 31.36 27.327 -999 -999 -999 23.749 -999 -999 -999 -999 -999 -999 -999 -999
73597 -0.023 -1.673 -999 -999 -999 -999 -999 -999 -0.173 -999 0.08 -999 -999 -999 -0.379 -1.669 -999 -999 69.36 69.36 -999 -999 -999 -999 -999 -999 68.482 -999 39.251 -999 -999 -999 40.928 45.794 -999 -999
73751 -0.361 -0.422 -0.909 0.047 -0.597 -999 -1.411 -999 -999 -999 -999 -999 -999 -999 -999 -999 -999 -999 24.432 24.432 49.95 44.127 16.775 -999 26.829 -999 -999 -999 -999 -999 -999 -999 -999 -999 -999 -999
73771 0.693 1.776 0.709 0.103 0.912 -999 2.271 -999 -999 -1.589 -999 -999 -999 -999 -999 -999 -999 -999 24.592 24.592 53.226 48.183 27.061 -999 22.664 -999 -999 33.524 -999 -999 -999 -999 -999 -999 -999 -999
74196 -0.29 0.668 0.148 -999 -999 -999 -999 -999 -0.957 0.348 0.698 -999 -999 -999 -999 -999 0.595 1.913 43.768 43.768 61.775 -999 -999 -999 -999 -999 40.424 47.655 20.93 -999 -999 -999 -999 -999 22.418 24.318
74370 -1.37 -0.064 0.078 0.404 -999 -999 -0.537 -0.589 -0.213 0.619 -999 -999 -999 -999 -999 -999 -999 -999 24.311 24.311 61.024 56.091 -999 -999 22.013 27.415 26.416 24.605 -999 -999 -999 -999 -999 -999 -999 -999
74395 0.987 1 1.473 -999 0.86 -999 1.428 -999 -999 0.871 -999 -999 -999 -999 -0.098 -999 -999 -999 43.234 43.234 83.406 -999 46.716 -999 47.408 -999 -999 34.208 -999 -999 -999 -999 14.158 -999 -999 -999
74410 0.243 0.016 -0.08 -0.384 -999 -999 -0.988 -999 -999 0.362 -999 -999 -999 -999 -999 -999 -999 -999 20.302 20.302 51.626 47.385 -999 -999 17.563 -999 -999 26.88 -999 -999 -999 -999 -999 -999 -999 -999
74501 0.73 -0.025 -999 -0.512 -999 -999 -999 -999 -0.446 0.243 -999 -999 -999 -999 -0.232 -999 1.146 -999 41.128 41.128 -999 60.532 -999 -999 -999 -999 37.639 40.174 -999 -999 -999 -999 21.553 -999 23.098 -999
74756 0.652 0.069 -999 -999 -999 -999 -999 -999 -1.073 -999 -0.378 -999 -0.419 -999 -999 -999 -0.447 -0.231 59.7 59.7 -999 -999 -999 -999 -999 -999 66.979 -999 22.895 -999 37.85 -999 -999 -999 28.323 40.861
74934 -999 0.226 -999 -999 -999 -999 0.574 1.286 -999 -0.196 -999 -999 -999 -999 -999 -999 0.602 -0.766 -999 71.043 -999 -999 -999 -999 69.726 69.842 -999 73.868 -999 -999 -999 -999 -999 -999 40.672 48.292
74950 -1.217 -0.441 -999 -999 -999 -999 -999 -999 -1.613 0.442 -999 -999 -999 -999 -999 -999 0.339 -999 73.147 73.147 -999 -999 -999 -999 -999 -999 67.293 79.11 -999 -999 -999 -999 -999 -999 48.923 -999
75075 0.291 -0.493 -999 -999 -0.294 -999 -999 -999 -0.232 -2.11 -0.432 -999 -999 -999 -1.324 -999 -999 -999 61.386 61.386 -999 -999 53.285 -999 -999 -999 56.821 65.057 30.281 -999 -999 -999 39.135 -999 -999 -999
75094 0.485 -999 -999 -999 0.315 -999 0.709 -999 -0.333 -999 0.625 -999 -999 -999 -999 -999 -999 -999 57.96 -999 -999 -999 61.241 -999 53.518 -999 53.314 -999 29.281 -999 -999 -999 -999 -999 -999 -999
75634 -999 -0.839 -999 -999 -999 -999 -999 -999 -999 -999 -999 -999 -999 -999 -999 -999 0.68 -999 -999 77.261 -999 -999 -999 -999 -999 -999 -999 -999 -999 -999 -999 -999 -999 -999 56.403 -999
75669 -0.056 -0.764 -999 0.274 -0.115 -999 -999 -999 -1.191 -1.547 -0.493 0.545 -0.613 -999 -1.863 -0.725 -1.446 -1.737 56.29 56.29 -999 77.395 55.236 -999 -999 -999 49.456 57.992 17.516 24.998 31.214 -999 31.484 31.215 35.657 24.804
75966 0.199 0.851 -999 -999 0.162 -999 -0.746 -999 -1.903 0.008 -0.197 -999 -999 -999 -999 -999 -0.03 -999 54.232 54.232 -999 -999 55.434 -999 55.273 -999 52.925 53.488 37.511 -999 -999 -999 -999 -999 35.772 -999
75992 0.398 0.605 -999 -999 0.684 -999 1.606 -999 -1.821 0.563 -0.28 -0.512 -0.066 -999 0.418 0.72 -999 -999 61.194 61.194 -999 -999 63.916 -999 58.989 -999 53.524 66.546 43.159 43.189 37.068 -999 33.975 36.08 -999 -999
76179 -0.784 0.795 -0.266 -1.497 -999 -999 -1.539 -0.179 0.013 -0.201 -0.216 -1.011 -0.677 -999 0.75 -999 -999 -999 45.4 45.4 70.888 68.316 -999 -999 38.751 47.325 45.949 52.809 16.263 17.86 27.854 -999 24.265 -999 -999 -999
76196 -0.617 0.464 -0.374 0.736 -999 -999 -999 -999 -0.89 1.54 -999 -999 -999 -999 -999 -999 -999 -999 33.718 33.718 63.437 61.366 -999 -999 -999 -999 34.946 34.964 -999 -999 -999 -999 -999 -999 -999 -999
76311 0.551 1.48 -999 -999 1.693 0.897 -999 -999 -0.9 0.127 -999 -999 -0.716 -999 1.182 -999 0.559 -999 65.453 65.453 -999 -999 62.2 64.369 -999 -999 60.303 74.515 -999 -999 46.224 -999 40.206 -999 40.34 -999
76463 2.316 1.972 1.372 2.071 -999 -999 -999 -999 -0.464 1.482 0.135 -999 2.227 -999 -999 -999 -999 -999 50.268 50.268 80.87 76.761 -999 -999 -999 -999 53.655 55.771 22.749 -999 33.53 -999 -999 -999 -999 -999
76714 -0.734 -999 -999 -999 -999 -999 -999 -999 -999 -999 1.303 -999 -999 -999 -999 -999 -999 -999 78.495 -999 -999 -999 -999 -999 -999 -999 -999 -999 58.559 -999 -999 -999 -999 -999 -999 -999
76751 0.659 -0.201 -0.074 -0.211 0.714 -999 0.04 -999 1.528 1.211 -999 -999 1.348 -999 -999 -999 -0.55 -999 46.116 46.116 75.943 74.763 41.814 -999 49.512 -999 38.193 52.83 -999 -999 19.536 -999 -999 -999 18.802 -999
76889 1.335 1.58 0.028 1.15 -0.06 -999 1.895 -999 -999 -999 -999 -999 -999 -999 -999 -999 -999 -999 28.476 28.476 63.045 60.73 31.261 -999 31.698 -999 -999 -999 -999 -999 -999 -999 -999 -999 -999 -999
77099 -999 -0.805 -999 -999 -999 -999 -999 -999 -999 -0.228 -999 -999 -999 -999 -999 -999 -999 -999 -999 76.721 -999 -999 -999 -999 -999 -999 -999 82.363 -999 -999 -999 -999 -999 -999 -999 -999
77174 -1.062 -1.388 -999 -1.409 0.116 -999 -999 -999 -999 -0.797 -999 -999 -2.463 -999 -999 -999 -999 -999 31.269 31.269 -999 59.97 33.359 -999 -999 -999 -999 30 -999 -999 15.551 -999 -999 -999 -999 -999
77431 0.397 0.163 -999 -999 0.355 -999 -999 -999 -0.541 -1.483 0.228 -999 -999 -999 -0.409 -999 -999 -999 63.834 63.834 -999 -999 66.863 -999 -999 -999 61.426 62.438 36.832 -999 -999 -999 27.246 -999 -999 -999
77701 0.588 -0.045 0.427 -0.826 0.562 -1.079 -999 -999 -0.539 0.492 -999 -999 -999 -999 -999 -999 -999 -999 32.682 32.682 60.672 55.932 26.532 34.85 -999 -999 32.745 27.293 -999 -999 -999 -999 -999 -999 -999 -999
78437 -0.451 -0.629 -1.656 -0.805 -0.676 -1.562 -999 -999 -0.606 -0.727 -999 -999 -0.297 -999 -0.434 -1.225 -999 -999 47.465 47.465 77.839 78.464 52.663 43.069 -999 -999 45.344 51.379 -999 -999 18.482 -999 23.951 22.63 -999 -999
78509 0.268 -2.338 -999 -999 -999 -999 0.014 0.255 -0.935 1.271 -0.928 -999 -1.688 -999 -999 -999 -999 -999 50.285 50.285 -999 -999 -999 -999 45.005 53.335 41.299 51.987 16.236 -999 20.663 -999 -999 -999 -999 -999
78591 0.031 1.218 0.067 -0.83 -999 -999 -999 -999 1.355 -1.012 -999 -999 -999 -999 -999 -999 -999 -999 42.286 42.286 71.995 60.82 -999 -999 -999 -999 48.491 46.796 -999 -999 -999 -999 -999 -999 -999 -999
78948 1.437 -0.752 -999 -999 -999 -999 -999 -999 -999 -999 -999 -999 0.207 -999 -1.308 -999 -999 -999 78.74 78.74 -999 -999 -999 -999 -999 -999 -999 -999 -999 -999 56.432 -999 57.014 -999 -999 -999
79107 -2.182 -2.426 -1.162 -0.744 -999 -999 -1.361 -1.336 -0.12 -999 -999 -999 -999 -999 -999 -999 -999 -999 33.138 33.138 72.539 74.477 -999 -999 38.629 34.195 24.003 -999 -999 -999 -999 -999 -999 -999 -999 -999
79205 1.056 -0.766 0.274 0.191 -999 -999 0.536 0.664 -0.153 -0.143 0.122 -999 -999 -999 -999 -999 0.401 -999 39.627 39.627 63.657 58.18 -999 -999 41.506 34.84 45.156 47.203 20.215 -999 -999 -999 -999 -999 17.672 -999
79372 1.788 1.692 2.671 -0.33 0.538 -999 -999 -999 0.033 0.115 -999 -999 -999 -999 1.154 1.832 -999 -999 42.226 42.226 69.537 64.909 40.246 -999 -999 -999 37.567 47.941 -999 -999 -999 -999 19.656 15.91 -999 -999
79458 0.567 -1.187 -0.127 -0.453 -999 -999 -999 -999 1.302 -1.203 -999 -999 -999 -999 -999 -999 -999 -999 23.199 23.199 49.593 39.103 -999 -999 -999 -999 22.17 37.817 -999 -999 -999 -999 -999 -999 -999 -999
79624 0.519 -0.587 -999 0.367 0.437 -999 2.19 -999 0.918 0.735 0.4 -999 -999 -999 -999 -999 -999 -999 49.458 49.458 -999 76.033 58.427 -999 51.299 -999 42.905 50.343 25.366 -999 -999 -999 -999 -999 -999 -999
79867 0.27 -1.334 0.801 -0.431 1.368 -999 -0.322 -999 -1.041 -1.063 -999 -999 -999 -999 -999 -999 -999 -999 33.917 33.917 60.761 56.182 39.418 -999 28.682 -999 32.067 31.347 -999 -999 -999 -999 -999 -999 -999 -999
