70127 -0.369 0.717 -0.055 0.71 -0.51 -999 -0.409 -999 1.748 1.516 -999 -999 -999 -999 -999 -999 -999 -999 31.649 31.649 57.489 49.858 29.824 -999 26.771 -999 34.48 36.487 -999 -999 -999 -999 -999 -999 -999 -999
70157 -0.13 -0.518 -999 -999 0.232 -999 1.22 -999 1.364 -1.401 1.124 -0.018 -999 -999 -999 -999 -0.954 -999 69.57 69.57 -999 -999 68.162 -999 71.145 -999 71.904 76.631 45.74 48.985 -999 -999 -999 -999 52.928 -999
70261 -0.127 0.03 -1.212 1.688 -0.811 -999 0.507 -1.223 0.306 0.43 0.18 -999 -999 -999 -999 -999 0.367 -999 45.183 45.183 72.985 66.737 43.466 -999 47.034 41.931 49.043 49.572 18.363 -999 -999 -999 -999 -999 26.656 -999
70372 0.713 -0.166 0.671 0.21 -0.937 -999 -1.027 0.706 -999 1.562 -999 -999 -999 -999 -999 -999 -999 -999 25.797 25.797 71.141 67.457 20.612 -999 28.775 29.613 -999 36.658 -999 -999 -999 -999 -999 -999 -999 -999
70482 0.911 -999 -999 -999 -999 -999 -999 -999 -0.97 -999 -999 -999 0.329 -0.508 -999 -999 -999 -999 68.187 -999 -999 -999 -999 -999 -999 -999 65.263 -999 -999 -999 36.292 30.812 -999 -999 -999 -999
70558 0.962 0.51 2.573 -1.655 -0.52 -999 -999 -999 -999 -999 -999 -999 -999 -999 -999 -999 -999 -999 30.707 30.707 54.462 53.777 25.86 -999 -999 -999 -999 -999 -999 -999 -999 -999 -999 -999 -999 -999
71398 -0.067 0.876 -999 -999 0.686 -999 -999 -999 0.668 0.396 1.173 -999 -999 -999 0.885 -999 1.849 -999 59.08 59.08 -999 -999 50.739 -999 -999 -999 58.453 61.937 31.749 -999 -999 -999 27.995 -999 26.068 -999
71598 1.284 1.37 0.04 -0.728 -999 -999 -999 -999 0.263 -0.07 -999 -999 -999 -999 -999 -999 -999 -999 28.697 28.697 55.158 55.648 -999 -999 -999 -999 39.823 23.151 -999 -999 -999 -999 -999 -999 -999 -999
71630 1.031 -0.341 -999 -999 -999 -999 -0.197 -999 -0.883 -0.387 -999 -999 -0.128 -999 -999 -999 -0.238 -999 76.228 76.228 -999 -999 -999 -999 79.325 -999 78.548 73.411 -999 -999 43.449 -999 -999 -999 53.255 -999
71681 -1.027 -1.222 -999 -999 -999 -999 -999 -999 -0.132 -0.726 -999 -999 0.793 0.14 -999 -999 -0.798 -1.808 68.76 68.76 -999 -999 -999 -999 -999 -999 73.283 66.967 -999 -999 44.815 46.485 -999 -999 37.909 43.569
71855 -1.888 -1.736 -999 -1.713 -0.785 -1.75 -999 -999 -0.452 -0.392 -999 -999 -999 -999 -999 -999 -999 -999 49.483 49.483 -999 79.076 52.636 55.465 -999 -999 49.57 57.633 -999 -999 -999 -999 -999 -999 -999 -999
72338 0.448 -0.331 -1.296 -0.556 0.132 -999 -0.643 -0.166 -999 -999 -999 -999 -999 -999 -999 -999 -999 -999 19.457 19.457 45.947 42.619 14.634 -999 22.06 16.787 -999 -999 -999 -999 -999 -999 -999 -999 -999 -999
72536 1.92 0.422 -999 -999 -999 -999 0.613 -999 -999 0.647 0.087 2.04 -999 -999 -999 -999 0.945 0.752 75.016 75.016 -999 -999 -999 -999 73.932 -999 -999 77.033 48.606 58.264 -999 -999 -999 -999 52.983 39.633
72639 -0.36 -0.864 -999 -999 -999 -999 -999 -999 -1.553 -0.788 0.395 -1.748 -999 -999 0.829 -999 -999 -999 70.925 70.925 -999 -999 -999 -999 -999 -999 72.916 74.1 50.514 39.491 -999 -999 48.576 -999 -999 -999
72641 0.628 0.931 -999 -999 -999 -999 -999 -999 0.987 -0.872 -999 -999 1.105 -999 0.185 -999 0.462 -0.978 66.493 66.493 -999 -999 -999 -999 -999 -999 63.897 69.451 -999 -999 43.943 -999 46.291 -999 38.922 33.31
72925 -0.966 -1.06 -0.45 -0.571 -999 -999 -999 -999 -999 -999 -999 -999 -999 -999 -999 -999 -999 -999 22.409 22.409 46.541 41.784 -999 -999 -999 -999 -999 -999 -999 -999 -999 -999 -999 -999 -999 -999
72960 -999 -2.246 -999 -999 -999 -999 -0.723 -999 -999 -999 -999 -999 -999 -999 -1.454 -999 -999 -999 -999 71.408 -999 -999 -999 -999 72.764 -999 -999 -999 -999 -999 -999 -999 39.761 -999 -999 -999
73003 -1.408 0.596 -999 -999 -999 -999 0.124 0.484 -0.529 1.516 -0.941 -999 -999 -999 -999 -999 -999 -999 49.764 49.764 -999 -999 -999 -999 42.125 53.381 47.057 54.06 21.144 -999 -999 -999 -999 -999 -999 -999
73998 -1.39 0.108 -999 -999 -999 -999 -999 -999 -0.536 -1.358 -999 -999 -999 -999 -999 -999 -999 -999 64.528 64.528 -999 -999 -999 -999 -999 -999 62.656 61.579 -999 -999 -999 -999 -999 -999 -999 -999
74051 1.032 0.244 1.852 0.026 0.599 -999 0.575 -999 -999 -999 -999 -999 -999 -999 -999 -999 -999 -999 21.671 21.671 47.975 42.963 18.602 -999 25.777 -999 -999 -999 -999 -999 -999 -999 -999 -999 -999 -999
74277 0.434 0.466 -999 -999 -999 -999 -999 -999 -999 -999 -0.454 -999 -999 -999 -0.003 0.725 0.987 1.932 79.706 79.706 -999 -999 -999 -999 -999 -999 -999 -999 53.901 -999 -999 -999 58.002 52.785 38.737 57.064
74440 -1.794 -0.996 -0.549 0.82 -999 -999 -999 -999 -1.042 0.247 -999 -999 -999 -999 -999 -999 -0.018 -999 38.365 38.365 63.725 57.587 -999 -999 -999 -999 43.416 45.801 -999 -999 -999 -999 -999 -999 14.126 -999
74732 0.474 -0.122 -999 -999 -999 -999 -999 -999 -999 -1.175 0.434 0.159 -0.039 -0.128 0.934 -999 0.177 -999 64.228 64.228 -999 -999 -999 -999 -999 -999 -999 66.213 41.184 43.009 43.559 21.66 43.236 -999 26.779 -999
74956 1.102 1.5 -1.456 -0.25 -999 -999 -0.171 -999 0.828 -999 -999 -999 -999 -999 -999 -999 -999 -999 18.482 18.482 58.5 58.815 -999 -999 24.118 -999 27.16 -999 -999 -999 -999 -999 -999 -999 -999 -999
75058 0.75 0.157 1.615 0.471 -999 -999 -999 -999 0.05 -0.002 -999 -999 -999 -999 -999 -999 -999 -999 31.753 31.753 59.414 56.731 -999 -999 -999 -999 36.231 47.743 -999 -999 -999 -999 -999 -999 -999 -999
75631 -0.632 -1.432 -0.284 0.674 -999 -999 -999 -999 0.495 -999 -999 -999 -999 -999 -999 -999 -999 -999 28.343 28.343 54.827 52.693 -999 -999 -999 -999 27.021 -999 -999 -999 -999 -999 -999 -999 -999 -999
76723 -1.26 -0.538 -0.404 0.555 -1.239 -999 -999 -999 -0.448 1.431 -999 -999 -999 -999 -999 -999 -999 -999 29.692 29.692 55.575 51.391 34.474 -999 -999 -999 37.351 31.849 -999 -999 -999 -999 -999 -999 -999 -999
76757 -0.954 0.1 -1.402 -999 1.161 0.06 0.66 -0.092 -0.831 0.466 -999 -999 -999 -999 -999 -999 0.354 -999 39.826 39.826 69.023 -999 42.329 46.95 44.986 41.581 37.679 46.364 -999 -999 -999 -999 -999 -999 14.765 -999
76938 1.764 1.267 -999 -999 -999 -999 -999 -999 0.218 -0.318 0.98 -0.959 0.635 1.672 -999 -999 -999 -999 52.015 52.015 -999 -999 -999 -999 -999 -999 47.871 60.861 28.021 18.276 25.545 18.179 -999 -999 -999 -999
77384 -0.047 0.554 -999 1.438 -0.079 -999 -0.026 -999 -0.959 0.347 -999 -999 -999 -999 -999 -999 0.603 -999 38.468 38.468 -999 73.518 29.994 -999 35.923 -999 38.23 35.726 -999 -999 -999 -999 -999 -999 18.247 -999
77422 -0.108 -0.248 -1.209 -0.21 -0.012 -999 -999 -999 -0.87 -1.652 -999 -999 -999 -999 -999 -999 -999 -999 26.508 26.508 60.388 56.412 31.988 -999 -999 -999 26.593 24.685 -999 -999 -999 -999 -999 -999 -999 -999
78033 1.281 0.898 -999 -999 -999 -999 -1.256 -999 -999 -999 -999 -999 -999 -999 -999 -999 -999 -999 73.826 73.826 -999 -999 -999 -999 70.428 -999 -999 -999 -999 -999 -999 -999 -999 -999 -999 -999
78173 0.359 -0.722 -999 -999 -999 -999 -999 -999 -0.024 -1.035 -999 -999 -999 -999 -0.38 -999 -999 -999 55.702 55.702 -999 -999 -999 -999 -999 -999 63.237 62.528 -999 -999 -999 -999 35.62 -999 -999 -999
78260 0.934 0.696 1.605 -0.167 0.259 -999 -999 -999 -999 -0.093 -999 -999 -999 -999 -999 -999 -999 -999 33.146 33.146 55.321 54.763 25.889 -999 -999 -999 -999 36.187 -999 -999 -999 -999 -999 -999 -999 -999
78297 0.747 0.706 0.664 -999 1.645 -999 0.809 -999 2.187 -0.357 -999 -999 1.5 2.358 -999 -999 -999 -999 42.12 42.12 67.403 -999 46.948 -999 43.228 -999 42.287 48.399 -999 -999 16.879 16.349 -999 -999 -999 -999
78300 -0.382 -0.102 -999 -999 -999 -999 -999 -999 1.139 1.159 -999 -999 0.876 -999 -999 -999 -999 -999 58.806 58.806 -999 -999 -999 -999 -999 -999 59.107 62.343 -999 -999 38.347 -999 -999 -999 -999 -999
78426 1.191 0.104 0.612 -0.228 -0.398 -999 -999 -999 1.344 1.475 0.948 -999 -999 -999 -999 -999 0.62 -999 41.125 41.125 80.831 80.986 39.084 -999 -999 -999 46.732 36.799 19.171 -999 -999 -999 -999 -999 20.709 -999
78735 1.326 -0.473 -0.953 -0.126 -999 -999 -0.373 -999 -0.317 -999 -999 -999 -999 -999 -999 -999 -999 -999 22.119 22.119 48.068 40.656 -999 -999 26.714 -999 28.989 -999 -999 -999 -999 -999 -999 -999 -999 -999
78843 -999 0.088 -999 -999 -999 -999 0.049 0.921 -999 0.056 -999 -999 -999 -999 -999 -999 -999 -999 -999 66.369 -999 -999 -999 -999 68.979 62.339 -999 73.983 -999 -999 -999 -999 -999 -999 -999 -999
78848 0.216 -999 -999 -999 -999 -999 -999 -999 -999 -999 -999 -999 1.829 -999 -999 -999 -999 -999 79.745 -999 -999 -999 -999 -999 -999 -999 -999 -999 -999 -999 53.876 -999 -999 -999 -999 -999
79076 0.298 0.975 0.378 1.62 -999 -999 -999 -999 0.602 -999 -999 -999 -999 -999 -999 -999 -999 -999 26.96 26.96 54.153 51.326 -999 -999 -999 -999 23.774 -999 -999 -999 -999 -999 -999 -999 -999 -999
79085 1.738 1.328 2.137 -0.198 -999 -999 -999 -999 -999 -999 -999 -999 -999 -999 -999 -999 -999 -999 18.635 18.635 47.199 45.657 -999 -999 -999 -999 -999 -999 -999 -999 -999 -999 -999 -999 -999 -999
79119 -999 -1.302 -999 -999 -999 -999 -0.665 -999 -999 -0.475 -999 -999 -999 -999 -999 -999 -999 -999 -999 61.369 -999 -999 -999 -999 64.927 -999 -999 67.991 -999 -999 -999 -999 -999 -999 -999 -999
79866 0.965 0.349 -999 -999 -999 -999 0.604 -999 1.876 0.323 1.31 -999 0.155 -999 -1.125 -999 -0.53 -999 48.099 48.099 -999 -999 -999 -999 51.159 -999 51.471 51.359 22.458 -999 20.137 -999 19.66 -999 20.911 -999
