71166 0.196 -0.92 -1.382 1.486 -999 -999 -1.103 -0.921 -0.396 -1.739 -0.384 -0.333 -999 -999 -999 -999 -999 -999 40.057 40.057 66.079 64.265 -999 -999 36.142 44.177 38.173 36.825 18.713 18.873 -999 -999 -999 -999 -999 -999
71295 0.587 -0.202 -999 1.367 -999 -999 -999 -999 1.158 0.146 -999 -999 -999 -999 -999 -999 -0.47 -999 44.057 44.057 -999 74.242 -999 -999 -999 -999 42.129 40.199 -999 -999 -999 -999 -999 -999 21.793 -999
71768 0.148 0.066 0.126 -999 -999 -999 0.423 -999 1.64 0.151 0.292 -999 -0.314 -999 -0.366 -999 0.504 -1.384 43.686 43.686 85.478 -999 -999 -999 49.766 -999 39.219 40.384 25.718 -999 16.197 -999 21.226 -999 22.115 24.38
71854 -0.94 -1.455 -999 -999 0.13 -999 -1.282 -999 -1.196 1.278 -0.834 -999 -999 -999 -999 -999 -999 -999 64.811 64.811 -999 -999 67.01 -999 61.649 -999 59.362 58.54 34.696 -999 -999 -999 -999 -999 -999 -999
72377 1.166 1.139 -999 -999 0.037 -999 1.252 -999 0.252 1.042 -999 -999 1.081 -999 -999 -999 1.288 -999 42.067 42.067 -999 -999 37.379 -999 43.425 -999 42.175 35.911 -999 -999 20.577 -999 -999 -999 22.824 -999
72509 -0.617 0.413 -999 -999 -999 -999 -999 -999 0.75 -0.72 -999 -999 -0.044 -999 -999 -999 -999 -999 72.034 72.034 -999 -999 -999 -999 -999 -999 68.367 69.631 -999 -999 36.826 -999 -999 -999 -999 -999
72716 1.655 -999 -999 -999 -999 -999 0.193 -999 0.785 -999 2.278 -999 -999 -999 -999 -999 -999 -999 60.861 -999 -999 -999 -999 -999 66.757 -999 56.011 -999 37.43 -999 -999 -999 -999 -999 -999 -999
72815 -1.027 0.565 0.29 -0.62 0.666 -999 0.578 0.12 0.612 1.107 -999 -999 -999 -999 1.111 -999 -999 -999 42.713 42.713 65.442 60.646 35.472 -999 39.08 47.156 38.836 40.487 -999 -999 -999 -999 15.517 -999 -999 -999
72944 1.582 0.82 0.103 0.293 -999 -999 -999 -999 1.887 -0.461 1.207 -999 -999 -999 2.499 -999 -999 -999 47.055 47.055 68.114 68.275 -999 -999 -999 -999 42.989 42.202 25.905 -999 -999 -999 18.5 -999 -999 -999
73020 -0.129 0.587 -999 -999 -1.565 -999 -0.313 -0.454 -0.016 -0.768 -999 -999 0.2 -0.121 -999 -999 -999 -999 46.908 46.908 -999 -999 37.904 -999 41.703 44.496 42.392 37.674 -999 -999 24.098 27.785 -999 -999 -999 -999
73933 0.212 0.565 -0.09 -2.342 -999 -999 0.301 -999 0.781 0.627 1.465 -999 -0.161 -0.787 -999 -999 0.99 -999 48.362 48.362 79.333 75.54 -999 -999 45.082 -999 43.727 46.531 17.721 -999 14.554 23.816 -999 -999 18.248 -999
74083 0.848 0.546 0.165 1.793 -999 -999 0.706 -999 -999 -999 -999 -999 -999 -999 -999 -999 -999 -999 27.959 27.959 49.379 41.521 -999 -999 24.809 -999 -999 -999 -999 -999 -999 -999 -999 -999 -999 -999
74138 -0.509 -0.584 -0.356 -1.988 -999 -999 -0.528 -999 -0.075 -0.963 -999 -999 -999 -999 -999 -999 -999 -999 31.794 31.794 58.903 55.613 -999 -999 29.038 -999 23.643 32.337 -999 -999 -999 -999 -999 -999 -999 -999
74504 1.445 0.294 1.876 0.229 0.181 0.053 -999 -999 -0.726 -0.4 0.671 -999 -999 -999 1.038 -999 -0.206 -999 36.93 36.93 68.711 68.519 40.943 35.291 -999 -999 31.559 36.729 17.125 -999 -999 -999 19.125 -999 17.873 -999
74793 -0.446 -0.35 -1.466 0.027 -1.39 -999 -999 -999 -999 -999 -999 -999 -999 -999 -999 -999 -999 -999 20.304 20.304 44.395 40.211 19.174 -999 -999 -999 -999 -999 -999 -999 -999 -999 -999 -999 -999 -999
75029 1.367 1.789 0.814 2.55 1.957 1.543 1.763 0.615 -0.312 -0.38 -999 -999 1.32 -999 -999 -999 -999 -999 38.926 38.926 72.921 71.436 41.013 41.151 46.007 44.755 29.809 37.317 -999 -999 16.39 -999 -999 -999 -999 -999
75085 0.104 0.674 -999 -999 -999 -999 -999 -999 -0.01 -0.24 1.454 -999 0.764 2.193 -999 -999 0.767 0.775 72.64 72.64 -999 -999 -999 -999 -999 -999 73.771 77.132 56.054 -999 52.048 52.337 -999 -999 49.152 53.952
75183 0.659 -1.354 -0.296 -1.169 -999 -999 -0.407 -999 1.48 -1.189 1.923 1.208 -999 -999 -999 -999 -999 -999 49.209 49.209 72.989 69.016 -999 -999 43.617 -999 50.065 44.624 31.79 22.806 -999 -999 -999 -999 -999 -999
75679 -999 -1.272 -999 -999 -999 -999 -999 -999 -999 0.416 -999 -999 -999 -999 -0.987 -3.112 -999 -999 -999 65.699 -999 -999 -999 -999 -999 -999 -999 60.641 -999 -999 -999 -999 33.122 35.412 -999 -999
76332 0.009 0.996 -999 -999 -999 -999 -999 -999 -1.508 -1.552 -999 -999 -999 -999 -999 -999 -999 -999 70.105 70.105 -999 -999 -999 -999 -999 -999 62.527 63.219 -999 -999 -999 -999 -999 -999 -999 -999
76382 0.69 0.5 0.944 2.193 1.499 -999 1.432 -999 -0.711 -999 -999 -999 -999 -999 -999 -999 -999 -999 26.971 26.971 65.344 63.512 19.29 -999 32.647 -999 25.614 -999 -999 -999 -999 -999 -999 -999 -999 -999
76518 -0.921 -1.437 -0.383 -0.676 -1.441 -999 -0.984 -0.978 -999 -0.35 -999 -999 -999 -999 -999 -999 -999 -999 36.21 36.21 66.274 62.459 30.608 -999 33.313 37.991 -999 26.458 -999 -999 -999 -999 -999 -999 -999 -999
77115 1.018 1.176 0.61 2.145 -999 -999 2.286 -999 -999 -0.405 -999 -999 -999 -999 -999 -999 -999 -999 22.5 22.5 44.604 40.927 -999 -999 18.942 -999 -999 20.734 -999 -999 -999 -999 -999 -999 -999 -999
77279 -1.704 0.251 -999 -999 -999 -999 -999 -999 -0.72 0.721 -0.174 0.816 -999 -999 -999 -999 0.6 -999 62.509 62.509 -999 -999 -999 -999 -999 -999 53.344 59.239 37.662 33.326 -999 -999 -999 -999 17.179 -999
77766 -999 -1.073 -999 -999 -999 -999 -1.13 -999 -999 -1.128 -999 -999 -999 -999 -999 -999 -2.233 -999 -999 78.83 -999 -999 -999 -999 75.795 -999 -999 70.326 -999 -999 -999 -999 -999 -999 57.197 -999
77852 -0.66 -0.949 -0.788 -999 -999 -999 -999 -999 1.357 -0.067 0.004 -999 -999 -999 -999 -999 -999 -999 36.475 36.475 67.736 -999 -999 -999 -999 -999 29.385 34.15 16.4 -999 -999 -999 -999 -999 -999 -999
78063 -0.414 -0.858 1.069 -1.98 0.427 -999 -999 -999 1.103 -1.933 -999 -999 -999 -999 -999 -999 -999 -999 33.382 33.382 65.885 64.833 36.402 -999 -999 -999 30.453 28.887 -999 -999 -999 -999 -999 -999 -999 -999
78294 -0.257 -0.337 1.223 -1.932 -999 -999 -999 -999 -999 -999 -999 -999 -999 -999 -999 -999 -999 -999 20.573 20.573 39.965 35.806 -999 -999 -999 -999 -999 -999 -999 -999 -999 -999 -999 -999 -999 -999
78366 0.423 -0.335 1.255 1.001 -999 -999 -0.375 -999 0.453 -999 -999 -999 -999 -999 -999 -999 -999 -999 18.081 18.081 47.659 44.209 -999 -999 16.444 -999 24.908 -999 -999 -999 -999 -999 -999 -999 -999 -999
78428 1.038 -0.185 0.17 -0.631 0.331 -999 -999 -999 0.899 -1.667 -999 -999 -0.607 -999 -2.037 -1.256 -999 -999 43.394 43.394 63.435 59.279 42.245 -999 -999 -999 40.607 37.602 -999 -999 23.959 -999 19.249 16.955 -999 -999
78924 0.111 -0.015 0.795 1.235 0.898 1.619 0.73 -999 -999 -999 -999 -999 -999 -999 -999 -999 -999 -999 21.035 21.035 58.629 57.214 24.366 19.597 22.19 -999 -999 -999 -999 -999 -999 -999 -999 -999 -999 -999
79041 0.715 0.832 1.539 0.299 0.67 -999 -0.238 0.67 -2.071 -999 -999 -999 -999 -999 -999 -999 -999 -999 36.349 36.349 61.475 57.561 38.761 -999 34.11 39.232 34.067 -999 -999 -999 -999 -999 -999 -999 -999 -999
79925 -0.077 0.337 -999 -999 0.23 -999 -1.349 0.078 -999 0.159 -999 -999 -999 -999 -999 -999 0.963 -0.034 59.782 59.782 -999 -999 63.871 -999 58.484 63.665 -999 52.719 -999 -999 -999 -999 -999 -999 26.898 40.238
